121.17566
113.359726
107.12262
101.05751
95.20508
92.563126
89.18533
84.871376
82.17723
81.97998
79.268906
79.546196
76.748764
75.940506
75.10978
73.51295
73.15016
71.275116
70.875046
70.36862
68.9933
67.979034
67.32539
66.53705
66.453224
65.814606
65.80344
64.20734
64.58606
63.705536
63.895912
62.13081
63.748432
62.505753
62.138638
60.96787
63.31704
60.46128
60.35355
59.675053
59.426632
58.632576
58.36377
58.103134
58.538185
57.277958
57.561897
56.177795
56.030563
56.593975
55.77517
54.72799
54.89933
54.285
55.53334
53.948307
55.068466
53.432026
53.129173
51.671494
52.861237
52.84352
52.628723
51.628822
51.825714
52.222786
52.96934
50.7245
50.248215
50.69097
50.04664
49.802917
49.96308
50.05198
49.70256
49.30475
49.03358
48.81741
49.160385
48.60759
48.548096
48.304962
47.934635
48.32799
47.648445
47.5074
47.004047
46.67089
48.010323
46.99624
47.804024
46.829178
45.784233
46.29767
45.474808
45.774277
45.721664
45.17035
45.102974
44.774075
44.766964
44.754776
45.006676
44.65647
44.90398
44.43445
44.367638
43.539684
44.500977
43.70734
44.168243
43.577374
42.976734
43.199814
43.396797
42.865753
42.723904
42.38578
43.24495
42.36739
42.34275
42.648544
42.43787
42.40503
41.939674
41.38707
42.04412
42.030388
41.34625
40.87596
40.88433
41.41427
40.933365
40.469826
40.598106
40.77433
40.536407
40.72204
40.34115
40.066395
40.17786
40.033127
39.900307
39.700993
39.449657
39.753418
39.70167
39.22482
39.192448
39.403736
39.11951
38.688393
39.02246
38.42282
38.5399
38.625507
38.413593
38.564735
38.3975
38.20996
38.32586
38.203537
38.19886
38.053696
37.908596
37.889793
37.78086
37.560165
37.458725
37.62402
37.500305
37.564934
37.321877
37.366077
37.21258
37.203743
37.279324
37.31427
37.247536
37.118744
37.05915
37.10347
36.979504
36.920574
36.958263
36.943653
36.94053
36.875336
36.92402
36.868782
36.82872
36.840763
36.812412
36.814087
36.781067
36.782837
36.780266
36.778713
36.775307
36.775223
